mcs=136.907074*931.504
mba=136.905815*931.504
e=0.51 
QQ=mcs-mba-e
